9.24701, 8.79373, 8.3828, 8.00857, 7.66632, 7.35213, 7.06268, 6.79515, 6.54715, 6.31662, 6.10177, 5.90105, 5.71312, 5.53679, 5.37102, 5.21488, 5.06757, 4.92835, 4.79658, 4.67167, 4.5531, 4.4404, 4.33314, 4.23094, 4.13346, 4.04036, 3.95137, 3.86621, 3.78464, 3.70645, 3.63142, 3.55937, 3.49012, 3.42351, 3.3594, 3.29765, 3.23812, 3.18071, 3.1253, 3.07178, 3.02007, 2.97007, 2.92169, 2.87487, 2.82953, 2.78559
9.48371, 9.01882, 8.59738, 8.21357, 7.86256, 7.54033, 7.24346, 6.96909, 6.71474, 6.47831, 6.25796, 6.05211, 5.85936, 5.67852, 5.5085, 5.34837, 5.19729, 5.05451, 4.91936, 4.79125, 4.66964, 4.55406, 4.44406, 4.33925, 4.23926, 4.14378, 4.05251, 3.96517, 3.88152, 3.80132, 3.72437, 3.65048, 3.57946, 3.51115, 3.44539, 3.38206, 3.32101, 3.26213, 3.2053, 3.15041, 3.09737, 3.04609, 2.99648, 2.94846, 2.90196, 2.85689
9.72041, 9.24392, 8.81196, 8.41857, 8.0588, 7.72852, 7.42425, 7.14303, 6.88234, 6.64, 6.41415, 6.20316, 6.00561, 5.82025, 5.64599, 5.48186, 5.32701, 5.18066, 5.04214, 4.91083, 4.78619, 4.66772, 4.55498, 4.44755, 4.34507, 4.24721, 4.15366, 4.06414, 3.9784, 3.8962, 3.81733, 3.74159, 3.66879, 3.59878, 3.53139, 3.46647, 3.4039, 3.34355, 3.2853, 3.22904, 3.17468, 3.12212, 3.07127, 3.02205, 2.97438, 2.9282
9.95711, 9.46902, 9.02654, 8.62357, 8.25504, 7.91672, 7.60504, 7.31697, 7.04993, 6.80169, 6.57034, 6.35421, 6.15185, 5.96198, 5.78347, 5.61535, 5.45672, 5.30681, 5.16492, 5.03042, 4.90274, 4.78139, 4.66589, 4.55585, 4.45088, 4.35063, 4.2548, 4.1631, 4.07527, 3.99107, 3.91028, 3.8327, 3.75813, 3.68641, 3.61738, 3.55088, 3.48679, 3.42496, 3.3653, 3.30767, 3.25199, 3.19815, 3.14606, 3.09564, 3.04681, 2.9995
10.1938, 9.69412, 9.24112, 8.82857, 8.45128, 8.10492, 7.78583, 7.49091, 7.21752, 6.96338, 6.72653, 6.50526, 6.29809, 6.1037, 5.92096, 5.74884, 5.58644, 5.43297, 5.2877, 5.15, 5.01929, 4.89505, 4.77681, 4.66415, 4.55668, 4.45405, 4.35595, 4.26207, 4.17215, 4.08595, 4.00324, 3.92381, 3.84747, 3.77405, 3.70337, 3.63529, 3.56968, 3.50638, 3.4453, 3.3863, 3.32929, 3.27417, 3.22085, 3.16923, 3.11924, 3.07081
10.4305, 9.91922, 9.4557, 9.03357, 8.64752, 8.29311, 7.96661, 7.66485, 7.38511, 7.12507, 6.88272, 6.65632, 6.44433, 6.24543, 6.05844, 5.88233, 5.71616, 5.55912, 5.41048, 5.26958, 5.13584, 5.00871, 4.88773, 4.77245, 4.66249, 4.55748, 4.45709, 4.36103, 4.26903, 4.18083, 4.09619, 4.01492, 3.93681, 3.86168, 3.78936, 3.71971, 3.65256, 3.5878, 3.5253, 3.46493, 3.4066, 3.3502, 3.29564, 3.24282, 3.19167, 3.14211
10.6672, 10.1443, 9.67028, 9.23857, 8.84376, 8.48131, 8.1474, 7.83879, 7.5527, 7.28676, 7.03891, 6.80737, 6.59057, 6.38716, 6.19593, 6.01581, 5.84588, 5.68527, 5.53326, 5.38917, 5.25239, 5.12238, 4.99865, 4.88075, 4.76829, 4.6609, 4.55824, 4.46, 4.36591, 4.2757, 4.18915, 4.10603, 4.02615, 3.94931, 3.87536, 3.80412, 3.73545, 3.66922, 3.6053, 3.54356, 3.48391, 3.42623, 3.37042, 3.31641, 3.2641, 3.21342
10.9039, 10.3694, 9.88486, 9.44357, 9.04, 8.66951, 8.32819, 8.01273, 7.72029, 7.44845, 7.1951, 6.95842, 6.73682, 6.52889, 6.33341, 6.1493, 5.97559, 5.81143, 5.65604, 5.50875, 5.36893, 5.23604, 5.10957, 4.98906, 4.8741, 4.76432, 4.65938, 4.55897, 4.46278, 4.37058, 4.28211, 4.19714, 4.11549, 4.03695, 3.96135, 3.88853, 3.81834, 3.75064, 3.6853, 3.62219, 3.56121, 3.50225, 3.44521, 3.39, 3.33653, 3.28472
11.1406, 10.5945, 10.0994, 9.64857, 9.23624, 8.8577, 8.50898, 8.18667, 7.88788, 7.61014, 7.35129, 7.10947, 6.88306, 6.67062, 6.4709, 6.28279, 6.10531, 5.93758, 5.77882, 5.62833, 5.48548, 5.3497, 5.22048, 5.09736, 4.97991, 4.86775, 4.76053, 4.65793, 4.55966, 4.46545, 4.37506, 4.28825, 4.20482, 4.12458, 4.04734, 3.97294, 3.90123, 3.83206, 3.7653, 3.70082, 3.63852, 3.57828, 3.52, 3.46359, 3.40896, 3.35602
11.3773, 10.8196, 10.314, 9.85357, 9.43248, 9.0459, 8.68976, 8.36061, 8.05547, 7.77183, 7.50748, 7.26053, 7.0293, 6.81235, 6.60838, 6.41628, 6.23503, 6.06374, 5.9016, 5.74792, 5.60203, 5.46337, 5.3314, 5.20566, 5.08571, 4.97117, 4.86167, 4.7569, 4.65654, 4.56033, 4.46802, 4.37937, 4.29416, 4.21221, 4.13333, 4.05735, 3.98412, 3.91348, 3.8453, 3.77945, 3.71582, 3.6543, 3.59479, 3.53718, 3.48139, 3.42733
11.614, 11.0447, 10.5286, 10.0586, 9.62872, 9.2341, 8.87055, 8.53455, 8.22307, 7.93352, 7.66367, 7.41158, 7.17554, 6.95407, 6.74587, 6.54977, 6.36475, 6.18989, 6.02439, 5.8675, 5.71858, 5.57703, 5.44232, 5.31396, 5.19152, 5.07459, 4.96282, 4.85586, 4.75342, 4.65521, 4.56097, 4.47048, 4.3835, 4.29985, 4.21933, 4.14176, 4.067, 3.99489, 3.9253, 3.85808, 3.79313, 3.73033, 3.66958, 3.61077, 3.55382, 3.49863
11.8507, 11.2698, 10.7432, 10.2636, 9.82496, 9.4223, 9.05134, 8.70848, 8.39066, 8.09521, 7.81986, 7.56263, 7.32178, 7.0958, 6.88335, 6.68326, 6.49446, 6.31604, 6.14717, 5.98708, 5.83513, 5.69069, 5.55324, 5.42226, 5.29733, 5.17802, 5.06396, 4.95483, 4.8503, 4.75008, 4.65393, 4.56159, 4.47284, 4.38748, 4.30532, 4.22618, 4.14989, 4.07631, 4.0053, 3.93671, 3.87044, 3.80636, 3.74436, 3.68436, 3.62625, 3.56994
12.0874, 11.4949, 10.9578, 10.4686, 10.0212, 9.61049, 9.23213, 8.88242, 8.55825, 8.2569, 7.97605, 7.71368, 7.46803, 7.23753, 7.02084, 6.81674, 6.62418, 6.4422, 6.26995, 6.10667, 5.95168, 5.80436, 5.66415, 5.53057, 5.40313, 5.28144, 5.16511, 5.05379, 4.94717, 4.84496, 4.74688, 4.6527, 4.56218, 4.47511, 4.39131, 4.31059, 4.23278, 4.15773, 4.0853, 4.01534, 3.94774, 3.88238, 3.81915, 3.75795, 3.69868, 3.64124
12.3241, 11.72, 11.1723, 10.6736, 10.2174, 9.79869, 9.41291, 9.05636, 8.72584, 8.41859, 8.13224, 7.86474, 7.61427, 7.37926, 7.15832, 6.95023, 6.7539, 6.56835, 6.39273, 6.22625, 6.06822, 5.91802, 5.77507, 5.63887, 5.50894, 5.38486, 5.26626, 5.15276, 5.04405, 4.93983, 4.83984, 4.74381, 4.65152, 4.56275, 4.4773, 4.395, 4.31567, 4.23915, 4.1653, 4.09397, 4.02505, 3.95841, 3.89394, 3.83154, 3.7711, 3.71255
12.5608, 11.9451, 11.3869, 10.8786, 10.4137, 9.98689, 9.5937, 9.2303, 8.89343, 8.58028, 8.28844, 8.01579, 7.76051, 7.52099, 7.29581, 7.08372, 6.88362, 6.69451, 6.51551, 6.34583, 6.18477, 6.03168, 5.88599, 5.74717, 5.61475, 5.48829, 5.3674, 5.25172, 5.14093, 5.03471, 4.93279, 4.83492, 4.74086, 4.65038, 4.5633, 4.47941, 4.39856, 4.32057, 4.2453, 4.1726, 4.10236, 4.03444, 3.96873, 3.90513, 3.84353, 3.78385
12.7975, 12.1702, 11.6015, 11.0836, 10.6099, 10.1751, 9.77449, 9.40424, 9.06102, 8.74197, 8.44463, 8.16684, 7.90675, 7.66272, 7.43329, 7.21721, 7.01333, 6.82066, 6.63829, 6.46542, 6.30132, 6.14535, 5.99691, 5.85547, 5.72055, 5.59171, 5.46855, 5.35069, 5.23781, 5.12959, 5.02575, 4.92603, 4.83019, 4.73802, 4.64929, 4.56382, 4.48144, 4.40199, 4.3253, 4.25123, 4.17966, 4.11046, 4.04352, 3.97872, 3.91596, 3.85516
13.0342, 12.3953, 11.8161, 11.2886, 10.8062, 10.3633, 9.95528, 9.57818, 9.22861, 8.90366, 8.60082, 8.31789, 8.05299, 7.80444, 7.57078, 7.3507, 7.14305, 6.94681, 6.76107, 6.585, 6.41787, 6.25901, 6.10783, 5.96377, 5.82636, 5.69514, 5.56969, 5.44966, 5.33468, 5.22446, 5.1187, 5.01714, 4.91953, 4.82565, 4.73528, 4.64824, 4.56433, 4.4834, 4.4053, 4.32986, 4.25697, 4.18649, 4.11831, 4.05231, 3.98839, 3.92646
13.2709, 12.6204, 12.0307, 11.4936, 11.0024, 10.5515, 10.1361, 9.75212, 9.3962, 9.06535, 8.75701, 8.46895, 8.19924, 7.94617, 7.70826, 7.48419, 7.27277, 7.07297, 6.88385, 6.70458, 6.53442, 6.37267, 6.21874, 6.07208, 5.93217, 5.79856, 5.67084, 5.54862, 5.43156, 5.31934, 5.21166, 5.10825, 5.00887, 4.91328, 4.82127, 4.73265, 4.64722, 4.56482, 4.4853, 4.40849, 4.33428, 4.26252, 4.19309, 4.1259, 4.06082, 3.99776
13.5076, 12.8455, 12.2452, 11.6986, 11.1986, 10.7397, 10.3169, 9.92606, 9.5638, 9.22704, 8.9132, 8.62, 8.34548, 8.0879, 7.84575, 7.61767, 7.40249, 7.19912, 7.00663, 6.82417, 6.65096, 6.48634, 6.32966, 6.18038, 6.03797, 5.90198, 5.77198, 5.64759, 5.52844, 5.41421, 5.30462, 5.19937, 5.09821, 5.00092, 4.90727, 4.81706, 4.73011, 4.64624, 4.5653, 4.48712, 4.41158, 4.33854, 4.26788, 4.19949, 4.13325, 4.06907
13.7443, 13.0706, 12.4598, 11.9036, 11.3949, 10.9279, 10.4976, 10.1, 9.73139, 9.38873, 9.06939, 8.77105, 8.49172, 8.22963, 7.98323, 7.75116, 7.5322, 7.32527, 7.12941, 6.94375, 6.76751, 6.6, 6.44058, 6.28868, 6.14378, 6.00541, 5.87313, 5.74655, 5.62532, 5.50909, 5.39757, 5.29048, 5.18755, 5.08855, 4.99326, 4.90147, 4.813, 4.72766, 4.6453, 4.56575, 4.48889, 4.41457, 4.34267, 4.27308, 4.20568, 4.14037
13.981, 13.2957, 12.6744, 12.1086, 11.5911, 11.1161, 10.6784, 10.2739, 9.89898, 9.55042, 9.22558, 8.92211, 8.63796, 8.37136, 8.12072, 7.88465, 7.66192, 7.45143, 7.25219, 7.06333, 6.88406, 6.71366, 6.5515, 6.39698, 6.24959, 6.10883, 5.97427, 5.84552, 5.72219, 5.60397, 5.49053, 5.38159, 5.27689, 5.17618, 5.07925, 4.98588, 4.89588, 4.80908, 4.7253, 4.64438, 4.5662, 4.4906, 4.41746, 4.34667, 4.27811, 4.21168
14.2177, 13.5208, 12.889, 12.3136, 11.7874, 11.3043, 10.8592, 10.4479, 10.0666, 9.71211, 9.38177, 9.07316, 8.7842, 8.51309, 8.2582, 8.01814, 7.79164, 7.57758, 7.37497, 7.18292, 7.00061, 6.82733, 6.66242, 6.50528, 6.35539, 6.21225, 6.07542, 5.94448, 5.81907, 5.69884, 5.58348, 5.4727, 5.36623, 5.26382, 5.16524, 5.07029, 4.97877, 4.8905, 4.8053, 4.72301, 4.6435, 4.56662, 4.49225, 4.42026, 4.35054, 4.28298
14.4544, 13.7459, 13.1036, 12.5186, 11.9836, 11.4925, 11.04, 10.6218, 10.2342, 9.8738, 9.53796, 9.22421, 8.93045, 8.65481, 8.39569, 8.15163, 7.92136, 7.70374, 7.49775, 7.3025, 7.11716, 6.94099, 6.77333, 6.61358, 6.4612, 6.31568, 6.17656, 6.04345, 5.91595, 5.79372, 5.67644, 5.56381, 5.45556, 5.35145, 5.25124, 5.15471, 5.06166, 4.97191, 4.8853, 4.80164, 4.72081, 4.64265, 4.56704, 4.49385, 4.42297, 4.35429
