0.067202, 0.0708237, 0.0744624, 0.0781182, 0.0817916, 0.0854827, 0.0891917, 0.092919, 0.0966648, 0.100429, 0.104213, 0.108016, 0.111839, 0.115682, 0.119544, 0.123428, 0.127333, 0.131259, 0.135206, 0.139176, 0.143168, 0.147182, 0.15122, 0.155281, 0.159367, 0.163477, 0.167611, 0.171771, 0.175957, 0.180169, 0.184408, 0.188674, 0.192968, 0.19729, 0.201642, 0.206023, 0.210434, 0.214875, 0.219348, 0.223854, 0.228392, 0.232963, 0.237569, 0.24221, 0.246887, 0.251601
0.0688483, 0.0725541, 0.0762768, 0.0800166, 0.0837737, 0.0875484, 0.0913409, 0.0951514, 0.0989803, 0.102828, 0.106694, 0.11058, 0.114485, 0.118409, 0.122354, 0.126319, 0.130305, 0.134312, 0.13834, 0.14239, 0.146462, 0.150556, 0.154673, 0.158813, 0.162976, 0.167164, 0.171376, 0.175613, 0.179875, 0.184163, 0.188476, 0.192817, 0.197185, 0.20158, 0.206004, 0.210456, 0.214938, 0.219449, 0.223991, 0.228565, 0.23317, 0.237807, 0.242478, 0.247182, 0.251921, 0.256696
0.0704948, 0.0742849, 0.0780916, 0.0819154, 0.0857563, 0.0896147, 0.0934908, 0.0973847, 0.101297, 0.105227, 0.109177, 0.113145, 0.117132, 0.121139, 0.125166, 0.129213, 0.13328, 0.137368, 0.141477, 0.145607, 0.149759, 0.153933, 0.15813, 0.162349, 0.166591, 0.170857, 0.175147, 0.179461, 0.1838, 0.188164, 0.192554, 0.19697, 0.201412, 0.205881, 0.210378, 0.214903, 0.219456, 0.224039, 0.228651, 0.233294, 0.237967, 0.242672, 0.247409, 0.252179, 0.256983, 0.26182
0.0721417, 0.076016, 0.0799069, 0.0838147, 0.0877395, 0.0916817, 0.0956414, 0.0996188, 0.103614, 0.107628, 0.11166, 0.115711, 0.119781, 0.123871, 0.127979, 0.132108, 0.136257, 0.140426, 0.144617, 0.148828, 0.15306, 0.157315, 0.161591, 0.16589, 0.170211, 0.174556, 0.178924, 0.183316, 0.187732, 0.192173, 0.19664, 0.201131, 0.205649, 0.210193, 0.214764, 0.219362, 0.223988, 0.228643, 0.233327, 0.23804, 0.242783, 0.247557, 0.252362, 0.257198, 0.262068, 0.26697
0.0737888, 0.0777474, 0.0817225, 0.0857144, 0.0897232, 0.0937492, 0.0977926, 0.101854, 0.105933, 0.11003, 0.114145, 0.118279, 0.122432, 0.126603, 0.130795, 0.135006, 0.139236, 0.143487, 0.147759, 0.152051, 0.156365, 0.160699, 0.165056, 0.169435, 0.173836, 0.178259, 0.182706, 0.187177, 0.191671, 0.196189, 0.200732, 0.205301, 0.209894, 0.214514, 0.21916, 0.223832, 0.228532, 0.23326, 0.238016, 0.242801, 0.247614, 0.252458, 0.257332, 0.262238, 0.267174, 0.272143
0.0754361, 0.0794791, 0.0835384, 0.0876145, 0.0917073, 0.0958173, 0.0999445, 0.104089, 0.108252, 0.112432, 0.116631, 0.120848, 0.125083, 0.129338, 0.133611, 0.137905, 0.142217, 0.14655, 0.150903, 0.155277, 0.159672, 0.164087, 0.168524, 0.172983, 0.177464, 0.181967, 0.186493, 0.191042, 0.195615, 0.200212, 0.204832, 0.209477, 0.214148, 0.218843, 0.223565, 0.228312, 0.233087, 0.237888, 0.242718, 0.247575, 0.252461, 0.257375, 0.26232, 0.267295, 0.2723, 0.277337
0.0770837, 0.081211, 0.0853547, 0.0895149, 0.0936919, 0.0978858, 0.102097, 0.106325, 0.110571, 0.114835, 0.119117, 0.123417, 0.127736, 0.132073, 0.13643, 0.140805, 0.1452, 0.149615, 0.15405, 0.158505, 0.162981, 0.167478, 0.171996, 0.176535, 0.181096, 0.185679, 0.190285, 0.194913, 0.199565, 0.204239, 0.208938, 0.213661, 0.218408, 0.223181, 0.227978, 0.232802, 0.237651, 0.242527, 0.24743, 0.252361, 0.25732, 0.262307, 0.267323, 0.272368, 0.277443, 0.282549
0.0787315, 0.0829432, 0.0871712, 0.0914157, 0.0956768, 0.0999548, 0.10425, 0.108562, 0.112892, 0.117239, 0.121605, 0.125988, 0.13039, 0.13481, 0.139249, 0.143707, 0.148185, 0.152682, 0.157199, 0.161736, 0.166293, 0.170871, 0.17547, 0.18009, 0.184732, 0.189395, 0.19408, 0.198788, 0.203519, 0.208273, 0.21305, 0.217851, 0.222676, 0.227525, 0.2324, 0.237299, 0.242225, 0.247176, 0.252154, 0.257159, 0.262191, 0.267251, 0.272339, 0.277456, 0.282602, 0.287778
0.0803794, 0.0846757, 0.0889881, 0.0933168, 0.0976621, 0.102024, 0.106403, 0.110799, 0.115213, 0.119644, 0.124093, 0.12856, 0.133044, 0.137548, 0.14207, 0.146611, 0.151171, 0.15575, 0.160349, 0.164968, 0.169607, 0.174267, 0.178947, 0.183648, 0.18837, 0.193114, 0.19788, 0.202667, 0.207477, 0.21231, 0.217166, 0.222046, 0.226949, 0.231876, 0.236828, 0.241804, 0.246806, 0.251833, 0.256887, 0.261966, 0.267073, 0.272206, 0.277368, 0.282557, 0.287776, 0.293023
0.0820276, 0.0864083, 0.0908051, 0.0952182, 0.0996478, 0.104094, 0.108557, 0.113037, 0.117534, 0.122049, 0.126582, 0.131132, 0.1357, 0.140287, 0.144892, 0.149516, 0.154158, 0.15882, 0.163502, 0.168203, 0.172924, 0.177665, 0.182426, 0.187209, 0.192012, 0.196836, 0.201682, 0.20655, 0.21144, 0.216353, 0.221288, 0.226246, 0.231228, 0.236233, 0.241262, 0.246316, 0.251395, 0.256499, 0.261628, 0.266783, 0.271965, 0.277173, 0.282408, 0.287671, 0.292962, 0.298281
0.0836759, 0.0881411, 0.0926224, 0.0971199, 0.101634, 0.106164, 0.110711, 0.115275, 0.119857, 0.124455, 0.129071, 0.133705, 0.138357, 0.143027, 0.147715, 0.152422, 0.157147, 0.161892, 0.166655, 0.171439, 0.176242, 0.181065, 0.185908, 0.190772, 0.195656, 0.200562, 0.205488, 0.210437, 0.215407, 0.220399, 0.225414, 0.230451, 0.235512, 0.240596, 0.245703, 0.250835, 0.255991, 0.261171, 0.266377, 0.271608, 0.276866, 0.282149, 0.287459, 0.292796, 0.29816, 0.303552
0.0853244, 0.0898742, 0.0944399, 0.0990218, 0.10362, 0.108235, 0.112866, 0.117514, 0.122179, 0.126862, 0.131561, 0.136279, 0.141014, 0.145767, 0.150539, 0.155328, 0.160137, 0.164964, 0.169811, 0.174676, 0.179562, 0.184467, 0.189392, 0.194337, 0.199303, 0.204289, 0.209297, 0.214326, 0.219377, 0.224449, 0.229544, 0.234661, 0.2398, 0.244963, 0.250149, 0.255359, 0.260593, 0.265851, 0.271134, 0.276442, 0.281775, 0.287134, 0.292519, 0.297931, 0.30337, 0.308835
0.086973, 0.0916074, 0.0962576, 0.100924, 0.105606, 0.110305, 0.115021, 0.119753, 0.124502, 0.129269, 0.134052, 0.138853, 0.143672, 0.148509, 0.153363, 0.158236, 0.163128, 0.168038, 0.172967, 0.177916, 0.182883, 0.18787, 0.192877, 0.197905, 0.202952, 0.20802, 0.213109, 0.218219, 0.22335, 0.228503, 0.233677, 0.238874, 0.244093, 0.249335, 0.2546, 0.259889, 0.265201, 0.270537, 0.275897, 0.281282, 0.286692, 0.292127, 0.297588, 0.303075, 0.308589, 0.314129
0.0886218, 0.0933407, 0.0980755, 0.102826, 0.107593, 0.112376, 0.117176, 0.121993, 0.126826, 0.131676, 0.136544, 0.141428, 0.146331, 0.151251, 0.156189, 0.161145, 0.16612, 0.171113, 0.176125, 0.181156, 0.186206, 0.191276, 0.196365, 0.201474, 0.206603, 0.211753, 0.216923, 0.222114, 0.227326, 0.232559, 0.237814, 0.243091, 0.24839, 0.253712, 0.259056, 0.264424, 0.269814, 0.275228, 0.280667, 0.286129, 0.291616, 0.297128, 0.302666, 0.308229, 0.313818, 0.319433
0.0902707, 0.0950743, 0.0998936, 0.104729, 0.10958, 0.114448, 0.119332, 0.124232, 0.12915, 0.134084, 0.139035, 0.144004, 0.14899, 0.153994, 0.159016, 0.164055, 0.169113, 0.174189, 0.179284, 0.184398, 0.189531, 0.194683, 0.199854, 0.205045, 0.210256, 0.215488, 0.220739, 0.226012, 0.231305, 0.236619, 0.241955, 0.247312, 0.252691, 0.258093, 0.263516, 0.268963, 0.274433, 0.279925, 0.285442, 0.290982, 0.296547, 0.302136, 0.30775, 0.31339, 0.319055, 0.324746
0.0919197, 0.0968079, 0.101712, 0.106632, 0.111567, 0.116519, 0.121488, 0.126473, 0.131474, 0.136493, 0.141528, 0.14658, 0.15165, 0.156738, 0.161843, 0.166966, 0.172107, 0.177266, 0.182444, 0.187641, 0.192857, 0.198091, 0.203345, 0.208618, 0.213912, 0.219225, 0.224558, 0.229912, 0.235286, 0.240682, 0.246098, 0.251536, 0.256996, 0.262477, 0.267981, 0.273507, 0.279056, 0.284627, 0.290223, 0.295841, 0.301484, 0.307151, 0.312842, 0.318559, 0.3243, 0.330067
0.0935688, 0.0985417, 0.10353, 0.108535, 0.113555, 0.118591, 0.123644, 0.128713, 0.133799, 0.138901, 0.144021, 0.149157, 0.154311, 0.159482, 0.164671, 0.169877, 0.175102, 0.180345, 0.185606, 0.190885, 0.196184, 0.201501, 0.206837, 0.212193, 0.217569, 0.222964, 0.228379, 0.233814, 0.23927, 0.244747, 0.250244, 0.255763, 0.261303, 0.266865, 0.272449, 0.278055, 0.283683, 0.289334, 0.295008, 0.300706, 0.306427, 0.312172, 0.317941, 0.323734, 0.329552, 0.335396
0.0952181, 0.100276, 0.105349, 0.110438, 0.115543, 0.120663, 0.125801, 0.130954, 0.136124, 0.14131, 0.146514, 0.151734, 0.156972, 0.162227, 0.167499, 0.172789, 0.178097, 0.183423, 0.188768, 0.19413, 0.199512, 0.204912, 0.210331, 0.215769, 0.221227, 0.226704, 0.232202, 0.237719, 0.243256, 0.248814, 0.254393, 0.259993, 0.265614, 0.271256, 0.27692, 0.282606, 0.288314, 0.294045, 0.299798, 0.305575, 0.311375, 0.317198, 0.323045, 0.328916, 0.334812, 0.340732
0.0968674, 0.10201, 0.107168, 0.112341, 0.11753, 0.122736, 0.127957, 0.133195, 0.138449, 0.14372, 0.149008, 0.154312, 0.159634, 0.164972, 0.170328, 0.175702, 0.181094, 0.186503, 0.191931, 0.197377, 0.202841, 0.208324, 0.213826, 0.219347, 0.224887, 0.230447, 0.236026, 0.241625, 0.247245, 0.252884, 0.258544, 0.264225, 0.269927, 0.27565, 0.281395, 0.287161, 0.29295, 0.29876, 0.304593, 0.310449, 0.316327, 0.322229, 0.328155, 0.334104, 0.340078, 0.346075
0.0985169, 0.103744, 0.108986, 0.114245, 0.119518, 0.124808, 0.130114, 0.135436, 0.140775, 0.14613, 0.151502, 0.15689, 0.162296, 0.167718, 0.173158, 0.178616, 0.184091, 0.189584, 0.195095, 0.200624, 0.206171, 0.211737, 0.217322, 0.222926, 0.228549, 0.234191, 0.239852, 0.245534, 0.251235, 0.256956, 0.262698, 0.26846, 0.274243, 0.280048, 0.285873, 0.29172, 0.297588, 0.303479, 0.309392, 0.315327, 0.321285, 0.327266, 0.33327, 0.339298, 0.345349, 0.351425
0.100166, 0.105478, 0.110805, 0.116148, 0.121507, 0.126881, 0.132271, 0.137678, 0.143101, 0.14854, 0.153996, 0.159469, 0.164958, 0.170465, 0.175989, 0.18153, 0.187089, 0.192665, 0.198259, 0.203872, 0.209503, 0.215152, 0.220819, 0.226506, 0.232211, 0.237936, 0.24368, 0.249444, 0.255227, 0.26103, 0.266854, 0.272698, 0.278562, 0.284447, 0.290354, 0.296281, 0.30223, 0.308201, 0.314194, 0.320209, 0.326247, 0.332307, 0.33839, 0.344496, 0.350626, 0.35678
0.101816, 0.107213, 0.112624, 0.118052, 0.123495, 0.128954, 0.134429, 0.13992, 0.145427, 0.150951, 0.156491, 0.162047, 0.167621, 0.173212, 0.178819, 0.184444, 0.190087, 0.195747, 0.201425, 0.207121, 0.212835, 0.218567, 0.224318, 0.230087, 0.235876, 0.241683, 0.247509, 0.253355, 0.259221, 0.265106, 0.271012, 0.276937, 0.282883, 0.28885, 0.294837, 0.300846, 0.306876, 0.312927, 0.319, 0.325095, 0.331212, 0.337352, 0.343515, 0.3497, 0.355909, 0.362141
0.103466, 0.108947, 0.114444, 0.119956, 0.125483, 0.131027, 0.136586, 0.142162, 0.147753, 0.153361, 0.158986, 0.164627, 0.170284, 0.175959, 0.181651, 0.18736, 0.193086, 0.19883, 0.204591, 0.210371, 0.216168, 0.221983, 0.227817, 0.23367, 0.239541, 0.245431, 0.25134, 0.257269, 0.263216, 0.269184, 0.275171, 0.281179, 0.287206, 0.293254, 0.299323, 0.305413, 0.311524, 0.317656, 0.323809, 0.329985, 0.336182, 0.342401, 0.348644, 0.354908, 0.361196, 0.367507
