0.194991, 0.194991, 0.194991, 0.194991, 0.194991, 0.194991, 0.194991, 0.194991, 0.194991, 0.194991, 0.194991, 0.194991, 0.194991, 0.194991, 0.194991, 0.194991, 0.194991, 0.194991, 0.194991, 0.194991, 0.194991, 0.194991, 0.194991, 0.194991, 0.194991, 0.194991, 0.194991, 0.194991, 0.194991, 0.194991, 0.194991, 0.194991, 0.194991, 0.194991, 0.194991, 0.194991, 0.194991, 0.194991, 0.194991, 0.194991, 0.194991, 0.194991, 0.194991, 0.194991, 0.194991, 0.194991
0.199983, 0.199983, 0.199983, 0.199983, 0.199983, 0.199983, 0.199983, 0.199983, 0.199983, 0.199983, 0.199983, 0.199983, 0.199983, 0.199983, 0.199983, 0.199983, 0.199983, 0.199983, 0.199983, 0.199983, 0.199983, 0.199983, 0.199983, 0.199983, 0.199983, 0.199983, 0.199983, 0.199983, 0.199983, 0.199983, 0.199983, 0.199983, 0.199983, 0.199983, 0.199983, 0.199983, 0.199983, 0.199983, 0.199983, 0.199983, 0.199983, 0.199983, 0.199983, 0.199983, 0.199983, 0.199983
0.204974, 0.204974, 0.204974, 0.204974, 0.204974, 0.204974, 0.204974, 0.204974, 0.204974, 0.204974, 0.204974, 0.204974, 0.204974, 0.204974, 0.204974, 0.204974, 0.204974, 0.204974, 0.204974, 0.204974, 0.204974, 0.204974, 0.204974, 0.204974, 0.204974, 0.204974, 0.204974, 0.204974, 0.204974, 0.204974, 0.204974, 0.204974, 0.204974, 0.204974, 0.204974, 0.204974, 0.204974, 0.204974, 0.204974, 0.204974, 0.204974, 0.204974, 0.204974, 0.204974, 0.204974, 0.204974
0.209965, 0.209965, 0.209965, 0.209965, 0.209965, 0.209965, 0.209965, 0.209965, 0.209965, 0.209965, 0.209965, 0.209965, 0.209965, 0.209965, 0.209965, 0.209965, 0.209965, 0.209965, 0.209965, 0.209965, 0.209965, 0.209965, 0.209965, 0.209965, 0.209965, 0.209965, 0.209965, 0.209965, 0.209965, 0.209965, 0.209965, 0.209965, 0.209965, 0.209965, 0.209965, 0.209965, 0.209965, 0.209965, 0.209965, 0.209965, 0.209965, 0.209965, 0.209965, 0.209965, 0.209965, 0.209965
0.214957, 0.214957, 0.214957, 0.214957, 0.214957, 0.214957, 0.214957, 0.214957, 0.214957, 0.214957, 0.214957, 0.214957, 0.214957, 0.214957, 0.214957, 0.214957, 0.214957, 0.214957, 0.214957, 0.214957, 0.214957, 0.214957, 0.214957, 0.214957, 0.214957, 0.214957, 0.214957, 0.214957, 0.214957, 0.214957, 0.214957, 0.214957, 0.214957, 0.214957, 0.214957, 0.214957, 0.214957, 0.214957, 0.214957, 0.214957, 0.214957, 0.214957, 0.214957, 0.214957, 0.214957, 0.214957
0.219948, 0.219948, 0.219948, 0.219948, 0.219948, 0.219948, 0.219948, 0.219948, 0.219948, 0.219948, 0.219948, 0.219948, 0.219948, 0.219948, 0.219948, 0.219948, 0.219948, 0.219948, 0.219948, 0.219948, 0.219948, 0.219948, 0.219948, 0.219948, 0.219948, 0.219948, 0.219948, 0.219948, 0.219948, 0.219948, 0.219948, 0.219948, 0.219948, 0.219948, 0.219948, 0.219948, 0.219948, 0.219948, 0.219948, 0.219948, 0.219948, 0.219948, 0.219948, 0.219948, 0.219948, 0.219948
0.224939, 0.224939, 0.224939, 0.224939, 0.224939, 0.224939, 0.224939, 0.224939, 0.224939, 0.224939, 0.224939, 0.224939, 0.224939, 0.224939, 0.224939, 0.224939, 0.224939, 0.224939, 0.224939, 0.224939, 0.224939, 0.224939, 0.224939, 0.224939, 0.224939, 0.224939, 0.224939, 0.224939, 0.224939, 0.224939, 0.224939, 0.224939, 0.224939, 0.224939, 0.224939, 0.224939, 0.224939, 0.224939, 0.224939, 0.224939, 0.224939, 0.224939, 0.224939, 0.224939, 0.224939, 0.224939
0.22993, 0.22993, 0.22993, 0.22993, 0.22993, 0.22993, 0.22993, 0.22993, 0.22993, 0.22993, 0.22993, 0.22993, 0.22993, 0.22993, 0.22993, 0.22993, 0.22993, 0.22993, 0.22993, 0.22993, 0.22993, 0.22993, 0.22993, 0.22993, 0.22993, 0.22993, 0.22993, 0.22993, 0.22993, 0.22993, 0.22993, 0.22993, 0.22993, 0.22993, 0.22993, 0.22993, 0.22993, 0.22993, 0.22993, 0.22993, 0.22993, 0.22993, 0.22993, 0.22993, 0.22993, 0.22993
0.234922, 0.234922, 0.234922, 0.234922, 0.234922, 0.234922, 0.234922, 0.234922, 0.234922, 0.234922, 0.234922, 0.234922, 0.234922, 0.234922, 0.234922, 0.234922, 0.234922, 0.234922, 0.234922, 0.234922, 0.234922, 0.234922, 0.234922, 0.234922, 0.234922, 0.234922, 0.234922, 0.234922, 0.234922, 0.234922, 0.234922, 0.234922, 0.234922, 0.234922, 0.234922, 0.234922, 0.234922, 0.234922, 0.234922, 0.234922, 0.234922, 0.234922, 0.234922, 0.234922, 0.234922, 0.234922
0.239913, 0.239913, 0.239913, 0.239913, 0.239913, 0.239913, 0.239913, 0.239913, 0.239913, 0.239913, 0.239913, 0.239913, 0.239913, 0.239913, 0.239913, 0.239913, 0.239913, 0.239913, 0.239913, 0.239913, 0.239913, 0.239913, 0.239913, 0.239913, 0.239913, 0.239913, 0.239913, 0.239913, 0.239913, 0.239913, 0.239913, 0.239913, 0.239913, 0.239913, 0.239913, 0.239913, 0.239913, 0.239913, 0.239913, 0.239913, 0.239913, 0.239913, 0.239913, 0.239913, 0.239913, 0.239913
0.244904, 0.244904, 0.244904, 0.244904, 0.244904, 0.244904, 0.244904, 0.244904, 0.244904, 0.244904, 0.244904, 0.244904, 0.244904, 0.244904, 0.244904, 0.244904, 0.244904, 0.244904, 0.244904, 0.244904, 0.244904, 0.244904, 0.244904, 0.244904, 0.244904, 0.244904, 0.244904, 0.244904, 0.244904, 0.244904, 0.244904, 0.244904, 0.244904, 0.244904, 0.244904, 0.244904, 0.244904, 0.244904, 0.244904, 0.244904, 0.244904, 0.244904, 0.244904, 0.244904, 0.244904, 0.244904
0.249896, 0.249896, 0.249896, 0.249896, 0.249896, 0.249896, 0.249896, 0.249896, 0.249896, 0.249896, 0.249896, 0.249896, 0.249896, 0.249896, 0.249896, 0.249896, 0.249896, 0.249896, 0.249896, 0.249896, 0.249896, 0.249896, 0.249896, 0.249896, 0.249896, 0.249896, 0.249896, 0.249896, 0.249896, 0.249896, 0.249896, 0.249896, 0.249896, 0.249896, 0.249896, 0.249896, 0.249896, 0.249896, 0.249896, 0.249896, 0.249896, 0.249896, 0.249896, 0.249896, 0.249896, 0.249896
0.254887, 0.254887, 0.254887, 0.254887, 0.254887, 0.254887, 0.254887, 0.254887, 0.254887, 0.254887, 0.254887, 0.254887, 0.254887, 0.254887, 0.254887, 0.254887, 0.254887, 0.254887, 0.254887, 0.254887, 0.254887, 0.254887, 0.254887, 0.254887, 0.254887, 0.254887, 0.254887, 0.254887, 0.254887, 0.254887, 0.254887, 0.254887, 0.254887, 0.254887, 0.254887, 0.254887, 0.254887, 0.254887, 0.254887, 0.254887, 0.254887, 0.254887, 0.254887, 0.254887, 0.254887, 0.254887
0.259878, 0.259878, 0.259878, 0.259878, 0.259878, 0.259878, 0.259878, 0.259878, 0.259878, 0.259878, 0.259878, 0.259878, 0.259878, 0.259878, 0.259878, 0.259878, 0.259878, 0.259878, 0.259878, 0.259878, 0.259878, 0.259878, 0.259878, 0.259878, 0.259878, 0.259878, 0.259878, 0.259878, 0.259878, 0.259878, 0.259878, 0.259878, 0.259878, 0.259878, 0.259878, 0.259878, 0.259878, 0.259878, 0.259878, 0.259878, 0.259878, 0.259878, 0.259878, 0.259878, 0.259878, 0.259878
0.26487, 0.26487, 0.26487, 0.26487, 0.26487, 0.26487, 0.26487, 0.26487, 0.26487, 0.26487, 0.26487, 0.26487, 0.26487, 0.26487, 0.26487, 0.26487, 0.26487, 0.26487, 0.26487, 0.26487, 0.26487, 0.26487, 0.26487, 0.26487, 0.26487, 0.26487, 0.26487, 0.26487, 0.26487, 0.26487, 0.26487, 0.26487, 0.26487, 0.26487, 0.26487, 0.26487, 0.26487, 0.26487, 0.26487, 0.26487, 0.26487, 0.26487, 0.26487, 0.26487, 0.26487, 0.26487
0.269861, 0.269861, 0.269861, 0.269861, 0.269861, 0.269861, 0.269861, 0.269861, 0.269861, 0.269861, 0.269861, 0.269861, 0.269861, 0.269861, 0.269861, 0.269861, 0.269861, 0.269861, 0.269861, 0.269861, 0.269861, 0.269861, 0.269861, 0.269861, 0.269861, 0.269861, 0.269861, 0.269861, 0.269861, 0.269861, 0.269861, 0.269861, 0.269861, 0.269861, 0.269861, 0.269861, 0.269861, 0.269861, 0.269861, 0.269861, 0.269861, 0.269861, 0.269861, 0.269861, 0.269861, 0.269861
0.274852, 0.274852, 0.274852, 0.274852, 0.274852, 0.274852, 0.274852, 0.274852, 0.274852, 0.274852, 0.274852, 0.274852, 0.274852, 0.274852, 0.274852, 0.274852, 0.274852, 0.274852, 0.274852, 0.274852, 0.274852, 0.274852, 0.274852, 0.274852, 0.274852, 0.274852, 0.274852, 0.274852, 0.274852, 0.274852, 0.274852, 0.274852, 0.274852, 0.274852, 0.274852, 0.274852, 0.274852, 0.274852, 0.274852, 0.274852, 0.274852, 0.274852, 0.274852, 0.274852, 0.274852, 0.274852
0.279843, 0.279843, 0.279843, 0.279843, 0.279843, 0.279843, 0.279843, 0.279843, 0.279843, 0.279843, 0.279843, 0.279843, 0.279843, 0.279843, 0.279843, 0.279843, 0.279843, 0.279843, 0.279843, 0.279843, 0.279843, 0.279843, 0.279843, 0.279843, 0.279843, 0.279843, 0.279843, 0.279843, 0.279843, 0.279843, 0.279843, 0.279843, 0.279843, 0.279843, 0.279843, 0.279843, 0.279843, 0.279843, 0.279843, 0.279843, 0.279843, 0.279843, 0.279843, 0.279843, 0.279843, 0.279843
0.284835, 0.284835, 0.284835, 0.284835, 0.284835, 0.284835, 0.284835, 0.284835, 0.284835, 0.284835, 0.284835, 0.284835, 0.284835, 0.284835, 0.284835, 0.284835, 0.284835, 0.284835, 0.284835, 0.284835, 0.284835, 0.284835, 0.284835, 0.284835, 0.284835, 0.284835, 0.284835, 0.284835, 0.284835, 0.284835, 0.284835, 0.284835, 0.284835, 0.284835, 0.284835, 0.284835, 0.284835, 0.284835, 0.284835, 0.284835, 0.284835, 0.284835, 0.284835, 0.284835, 0.284835, 0.284835
0.289826, 0.289826, 0.289826, 0.289826, 0.289826, 0.289826, 0.289826, 0.289826, 0.289826, 0.289826, 0.289826, 0.289826, 0.289826, 0.289826, 0.289826, 0.289826, 0.289826, 0.289826, 0.289826, 0.289826, 0.289826, 0.289826, 0.289826, 0.289826, 0.289826, 0.289826, 0.289826, 0.289826, 0.289826, 0.289826, 0.289826, 0.289826, 0.289826, 0.289826, 0.289826, 0.289826, 0.289826, 0.289826, 0.289826, 0.289826, 0.289826, 0.289826, 0.289826, 0.289826, 0.289826, 0.289826
0.294817, 0.294817, 0.294817, 0.294817, 0.294817, 0.294817, 0.294817, 0.294817, 0.294817, 0.294817, 0.294817, 0.294817, 0.294817, 0.294817, 0.294817, 0.294817, 0.294817, 0.294817, 0.294817, 0.294817, 0.294817, 0.294817, 0.294817, 0.294817, 0.294817, 0.294817, 0.294817, 0.294817, 0.294817, 0.294817, 0.294817, 0.294817, 0.294817, 0.294817, 0.294817, 0.294817, 0.294817, 0.294817, 0.294817, 0.294817, 0.294817, 0.294817, 0.294817, 0.294817, 0.294817, 0.294817
0.299809, 0.299809, 0.299809, 0.299809, 0.299809, 0.299809, 0.299809, 0.299809, 0.299809, 0.299809, 0.299809, 0.299809, 0.299809, 0.299809, 0.299809, 0.299809, 0.299809, 0.299809, 0.299809, 0.299809, 0.299809, 0.299809, 0.299809, 0.299809, 0.299809, 0.299809, 0.299809, 0.299809, 0.299809, 0.299809, 0.299809, 0.299809, 0.299809, 0.299809, 0.299809, 0.299809, 0.299809, 0.299809, 0.299809, 0.299809, 0.299809, 0.299809, 0.299809, 0.299809, 0.299809, 0.299809
0.3048, 0.3048, 0.3048, 0.3048, 0.3048, 0.3048, 0.3048, 0.3048, 0.3048, 0.3048, 0.3048, 0.3048, 0.3048, 0.3048, 0.3048, 0.3048, 0.3048, 0.3048, 0.3048, 0.3048, 0.3048, 0.3048, 0.3048, 0.3048, 0.3048, 0.3048, 0.3048, 0.3048, 0.3048, 0.3048, 0.3048, 0.3048, 0.3048, 0.3048, 0.3048, 0.3048, 0.3048, 0.3048, 0.3048, 0.3048, 0.3048, 0.3048, 0.3048, 0.3048, 0.3048, 0.3048
